100
1 2
2 3
3 4
4 5
5 6
6 7
7 8
8 9
9 10
10 11
11 12
12 13
13 14
14 15
15 16
16 17
17 18
18 19
19 20
20 21
21 22
22 23
23 24
24 25
25 26
26 27
27 28
28 29
29 30
30 31
31 32
32 33
33 34
34 35
35 36
36 37
37 38
38 39
39 40
40 41
41 42
42 43
43 44
44 45
45 46
46 47
47 48
48 49
49 50
50 51
51 52
52 53
53 54
54 55
55 56
56 57
57 58
58 59
59 60
60 61
61 62
62 63
63 64
64 65
65 66
66 67
67 68
68 69
69 70
70 71
71 72
72 73
73 74
74 75
75 76
76 77
77 78
78 79
79 80
80 81
81 82
82 83
83 84
84 85
85 86
86 87
87 88
88 89
89 90
90 91
91 92
92 93
93 94
94 95
95 96
96 97
97 98
98 99
99 100
100
1 20 77 321
2 90
1 12 84 1010
2 93
1 16 83 203
2 98
2 81
2 100
2 81
2 85
2 91
2 94
2 92
2 84
1 31 60 772
2 92
2 83
1 10 82 845
1 29 69 252
2 97
2 85
2 83
1 32 67 455
2 94
2 88
1 23 70 496
2 86
2 87
2 95
1 13 85 296
2 86
1 11 80 343
1 15 82 701
2 89
2 99
2 88
1 13 82 508
1 8 87 140
1 13 82 661
1 27 72 440
1 21 76 895
2 91
2 97
2 90
1 20 71 244
2 95
1 20 75 619
1 32 63 761
2 100
1 32 68 530
1 1 94 646
2 82
1 17 81 525
1 3 95 577
2 89
2 85
1 8 89 39
2 98
2 92
1 22 77 442
2 88
1 19 73 564
2 91
1 12 79 741
2 100
2 89
2 94
1 3 95 844
1 30 68 31
1 3 92 939
1 15 78 313
1 24 74 321
1 6 86 808
1 33 63 282
1 26 69 795
2 85
1 14 79 55
1 27 67 560
2 84
1 10 86 212
2 84
2 95
1 26 73 446
1 33 67 667
2 96
2 98
2 85
1 9 83 468
1 21 71 986
1 22 71 796
2 81
2 89
1 31 64 531
2 87
1 3 96 290
1 3 89 954
2 98
1 11 84 274
2 86
1 5 88 172
