200
1 2
2 3
3 4
4 5
5 6
6 7
7 8
8 9
9 10
10 11
11 12
12 13
13 14
14 15
15 16
16 17
17 18
18 19
19 20
20 21
21 22
22 23
23 24
24 25
25 26
26 27
27 28
28 29
29 30
30 31
31 32
32 33
33 34
34 35
35 36
36 37
37 38
38 39
39 40
40 41
41 42
42 43
43 44
44 45
45 46
46 47
47 48
48 49
49 50
50 51
51 52
52 53
53 54
54 55
55 56
56 57
57 58
58 59
59 60
60 61
61 62
62 63
63 64
64 65
65 66
66 67
67 68
68 69
69 70
70 71
71 72
72 73
73 74
74 75
75 76
76 77
77 78
78 79
79 80
80 81
81 82
82 83
83 84
84 85
85 86
86 87
87 88
88 89
89 90
90 91
91 92
92 93
93 94
94 95
95 96
96 97
97 98
98 99
99 100
100 101
101 102
102 103
103 104
104 105
105 106
106 107
107 108
108 109
109 110
110 111
111 112
112 113
113 114
114 115
115 116
116 117
117 118
118 119
119 120
120 121
121 122
122 123
123 124
124 125
125 126
126 127
127 128
128 129
129 130
130 131
131 132
132 133
133 134
134 135
135 136
136 137
137 138
138 139
139 140
140 141
141 142
142 143
143 144
144 145
145 146
146 147
147 148
148 149
149 150
150 151
151 152
93 153
153 154
154 155
155 156
156 157
157 158
158 159
159 160
160 161
161 162
162 163
163 164
164 165
165 166
166 167
167 168
168 169
169 170
170 171
171 172
172 173
173 174
174 175
175 176
176 177
177 178
178 179
179 180
180 181
181 182
182 183
183 184
184 185
185 186
186 187
187 188
188 189
189 190
190 191
191 192
192 193
193 194
194 195
195 196
196 197
197 198
198 199
199 200
200
2 141
1 24 119 986
2 142
1 12 132 22
2 195
1 11 133 514
1 16 131 27
2 152
1 33 114 623
2 151
2 130
2 189
1 52 99 142
2 200
2 137
2 135
2 199
1 2 145 797
2 152
1 10 137 48
1 16 130 415
2 193
1 40 103 190
2 190
1 7 143 737
1 51 99 521
1 49 95 541
2 141
2 146
2 127
1 29 123 56
2 198
2 149
1 11 139 368
1 24 123 461
1 63 82 314
2 148
1 43 104 399
1 18 131 513
1 66 80 523
1 65 79 286
2 133
2 127
1 7 139 961
1 6 138 346
2 199
1 41 102 781
1 19 129 746
2 128
2 130
1 2 147 451
1 11 136 279
2 144
1 61 82 800
1 38 108 993
2 191
2 150
1 42 101 773
2 187
2 199
1 24 124 103
1 58 92 1021
1 14 135 909
2 191
1 49 96 188
1 36 113 29
1 25 119 113
1 20 123 65
1 56 94 356
2 198
1 58 86 533
2 135
2 141
1 34 114 200
1 26 126 411
2 188
1 65 85 192
2 129
1 17 129 1012
1 20 129 160
1 57 92 270
1 16 134 51
1 56 91 258
1 53 93 442
2 131
2 139
1 7 136 602
2 137
1 54 94 24
2 145
2 149
1 63 80 224
1 39 107 534
1 55 88 719
2 142
2 187
2 128
2 148
2 191
2 199
2 151
1 38 111 141
1 28 124 877
2 189
2 133
1 60 88 661
1 66 79 989
1 57 93 313
2 140
1 22 123 302
1 55 96 393
2 191
2 150
2 193
2 129
2 149
1 8 141 315
2 197
2 139
2 129
2 141
2 149
1 38 111 287
1 24 125 546
2 149
2 137
2 196
2 145
2 129
2 141
2 129
1 65 86 619
2 143
1 64 84 368
2 194
2 139
2 139
2 188
2 147
1 66 86 146
2 132
2 194
1 11 137 804
2 197
1 58 94 133
1 45 99 968
2 196
1 18 131 622
1 51 100 540
2 192
2 135
2 194
1 10 137 356
2 147
2 152
2 140
1 44 100 757
2 146
1 16 132 296
2 145
1 54 90 1017
2 151
2 193
2 148
1 6 137 910
1 32 113 399
2 137
2 130
1 13 131 411
2 129
2 191
2 139
1 33 113 178
2 141
2 148
1 9 136 903
1 61 89 41
2 139
1 37 115 250
2 150
1 50 93 189
2 127
1 55 88 138
1 22 128 203
1 51 94 7
1 46 104 470
2 140
1 7 143 642
2 144
2 194
1 32 118 880
1 14 136 633
2 143
2 192
2 131
1 9 143 541
2 139
1 38 114 192
2 138
2 137
