2000
2
0.609224
0.248222
0.701296
0.666934
0.293591
0.326447
0.176973
0.290313
0.517141
0.372925
0.312765
0.527843
0.627915
0.26883
0.523765
0.550532
0.526762
0.153784
0.414621
0.646622
0.104167
0.590013
0.209058
0.0364389
0.587419
0.318834
0.360328
0.219985
0.519609
0.301322
0.00444308
0.0174693
0.319839
0.0357009
0.268533
0.106427
0.0704238
0.0837027
0.313433
0.242603
0.532567
0.625416
0.317336
0.534836
0.467445
0.0140702
0.49015
0.458154
0.0727965
0.633917
0.275375
0.0172775
0.679335
0.368729
0.308863
0.0454142
0.0700499
0.13088
0.366224
0.398097
0.167792
0.025752
0.0236514
0.511164
0.369432
0.266958
0.24629
0.70375
0.157303
0.584289
0.167398
0.059957
0.0727065
0.113167
0.605824
0.0093449
0.378467
0.363549
0.258867
0.337486
0.323841
0.444137
0.398419
0.538415
0.105341
0.1671
0.0177269
0.146294
0.635038
0.506262
0.433813
0.675421
0.253528
0.193045
0.379762
0.0974527
0.478334
0.591483
0.280424
0.223867
0.11053
0.497105
0.045874
0.366193
0.267277
0.478284
0.549126
0.672111
0.215818
0.393555
0.198675
0.277735
0.0021696
0.279296
0.155236
0.249284
0.571774
0.165689
0.558439
0.643902
0.524966
0.246359
0.392139
0.509473
0.00506677
0.595537
0.0945073
0.462525
0.220892
0.151595
0.29026
0.469175
0.292953
0.512234
0.627399
0.606882
0.0215258
0.0134758
0.564394
0.428744
0.567171
0.179925
0.486009
0.696403
0.558664
0.50363
0.547697
0.145371
0.315865
0.218194
0.433748
0.319466
0.622945
0.30504
0.659173
0.297839
0.138332
0.614771
0.052099
0.314451
0.515077
0.447245
0.5325
0.1631
0.16582
0.07397
0.456038
0.201823
0.172008
0.417626
0.678384
0.00133529
0.0697642
0.64148
0.661451
0.158796
0.219394
0.580537
0.48442
0.19218
0.698204
0.476156
0.538112
0.512911
0.530676
0.148055
0.677959
0.593393
0.521301
0.273873
0.480843
0.355244
0.629222
0.30809
0.251097
0.463244
0.636838
0.329498
0.279771
0.563072
0.0142506
0.196658
0.0612833
0.267238
0.550644
0.316894
0.517156
0.348346
0.320813
0.180655
0.28239
0.427027
0.1385
0.0554567
0.13194
0.561078
0.521582
0.107566
0.628776
0.53432
0.548613
0.559825
0.307781
0.283631
0.206456
0.639179
0.251536
0.311553
0.175585
0.232643
0.44199
0.607445
0.152306
0.313991
0.556648
0.0369204
0.210094
0.603425
0.650292
0.502469
0.558887
0.030172
0.286767
0.60127
0.57892
0.0977423
0.645232
0.645533
0.163423
0.221785
0.38665
0.704755
0.328488
0.672342
0.29211
0.149413
0.101016
0.461464
0.106424
0.584847
0.630701
0.279273
0.132591
0.208602
0.466289
0.253142
0.116074
0.140043
0.28008
0.477125
0.555863
0.47708
0.417438
0.328141
0.67108
0.431036
0.215838
0.133034
0.598835
0.360288
0.292899
0.230339
0.0829355
0.18126
0.327742
0.69915
0.691746
0.21375
0.427291
0.530723
0.597103
0.483874
0.478662
0.673103
0.395909
0.386407
0.380167
0.692301
0.454676
0.426516
0.351259
0.308438
0.592437
0.151577
0.524225
0.482893
0.310459
0.486933
0.353044
0.619665
0.617261
0.43288
0.483349
0.064048
0.460064
0.212323
0.473529
0.339563
0.318432
0.0422083
0.0701794
0.0752968
0.309086
0.521249
0.243451
0.0808321
0.422114
0.55134
0.321149
0.0729586
0.365454
0.350335
0.0359866
0.454845
0.0450084
0.233471
0.0372349
0.18565
0.388359
0.350987
0.525677
0.488182
0.282025
0.439385
0.598557
0.648206
0.701525
0.264479
0.0313615
0.46894
0.201889
0.209231
0.477448
0.466461
0.359968
0.113495
0.521001
0.548491
0.459887
0.654355
0.0151847
0.65476
0.344021
0.479152
0.60049
0.568755
0.271225
0.0114449
0.655431
0.283875
0.54391
0.118712
0.10803
0.439478
0.369582
0.543408
0.0897008
0.60644
0.35103
0.657333
0.399044
0.511
0.147907
0.565414
0.044197
0.60519
0.187011
0.599704
0.0180812
0.49838
0.554967
0.357652
0.701591
0.696696
0.606823
0.522656
0.0276625
0.617741
0.565767
0.249822
0.531787
0.584829
0.689486
0.381446
0.65365
0.0464571
0.192017
0.159386
0.236739
0.625868
0.701623
0.587366
0.0460843
0.474148
0.376797
0.638518
0.12531
0.691666
0.546405
0.30614
0.684204
0.593802
0.407508
0.504009
0.538381
0.581799
0.538923
0.452296
0.437442
0.235178
0.345299
0.416794
0.461877
0.171656
0.293158
0.220274
0.173864
0.500169
0.683021
0.463798
0.476905
0.0617681
0.316983
0.549963
0.322824
0.49984
0.0546948
0.0453752
0.15119
0.0358599
0.148967
0.105572
0.0700433
0.582717
0.433543
0.182816
0.248697
0.386253
0.432494
0.382954
0.0816065
0.466545
0.0913294
0.443183
0.287601
0.560396
0.136491
0.325447
0.653158
0.618146
0.184167
0.0806964
0.478895
0.508402
0.308725
0.651887
0.495235
0.355328
0.280061
0.335979
0.678997
0.205359
0.514105
0.682547
0.704311
0.521973
0.599993
0.671886
0.0938477
0.377927
0.454637
0.11523
0.572582
0.217254
0.504071
0.502854
0.63584
0.601027
0.00167066
0.622223
0.641799
0.326081
0.268029
0.379153
0.191715
0.248109
0.583759
0.612026
0.554355
0.09076
0.272085
0.13523
0.459068
0.540163
0.397186
0.323364
0.0668809
0.00821324
0.517934
0.705333
0.0492401
0.605476
0.644819
0.48401
0.524343
0.0511784
0.134948
0.0952698
0.264485
0.038709
0.284596
0.263474
0.586079
0.153489
0.520087
0.0235089
0.496938
0.560862
0.213668
0.21245
0.456382
0.376187
0.204133
0.523628
0.604638
0.654544
0.146232
0.507828
0.0690565
0.460387
0.146948
0.438537
0.0716865
0.176353
0.555204
0.0081175
0.379609
0.701482
0.543306
0.663831
0.359287
0.291158
0.00790992
0.559379
0.677905
0.251126
0.0785437
0.0309702
0.440472
0.411809
0.404769
0.353816
0.492246
0.414514
0.610644
0.589157
0.460385
0.5912
0.139955
0.496735
0.0547269
0.195608
0.0270335
0.447914
0.617231
0.198957
0.180122
0.335304
0.260873
0.562569
0.385252
0.333043
0.0121204
0.400915
0.232681
0.28283
0.609504
0.523173
0.139325
0.569211
0.373863
0.340049
0.0656621
0.241166
0.248482
0.437981
0.326393
0.068403
0.406487
0.585715
0.196733
0.216579
0.376545
0.216262
0.430812
0.148886
0.179168
0.395251
0.109764
0.388884
0.252278
0.494598
0.279373
0.00573739
0.417606
0.0110446
0.703011
0.244926
0.0583558
0.603033
0.0937598
0.561335
0.29981
0.285533
0.311267
0.176813
0.282907
0.624342
0.619891
0.00860875
0.278067
0.680751
0.0982419
0.11065
0.61576
0.281711
0.282854
0.368241
0.196517
0.176883
0.156081
0.0471397
0.572215
0.468686
0.573641
0.0617088
0.0218424
0.00900848
0.301551
0.56119
0.17884
0.119806
0.635801
0.225589
0.620465
0.0812357
0.0368111
0.0942847
0.157165
0.216286
0.223512
0.482057
0.13076
0.614981
0.147846
0.0786194
0.297605
0.128252
0.03808
0.685242
0.0186496
0.479477
0.0605691
0.0515492
0.120136
0.184091
0.00865933
0.627967
0.0292009
0.348527
0.0682239
0.171605
0.0455182
0.648875
0.359275
0.336893
0.664677
0.564374
0.0783677
0.313686
0.140479
0.698284
0.0745732
0.0488597
0.692758
0.0160444
0.146026
0.304144
0.525159
0.316462
0.282846
0.350568
0.238421
0.499708
0.150964
0.120626
0.138511
0.558109
0.247212
0.159702
0.349863
0.503762
0.428054
0.387967
0.0398494
0.135573
0.672252
0.509302
0.356838
0.177885
0.405833
0.560551
0.522918
0.199267
0.165479
0.630557
0.349361
0.232202
0.546141
0.351246
0.388235
0.415316
0.113789
0.107335
0.0140981
0.15716
0.3043
0.11782
0.252381
0.635526
0.0147142
0.196204
0.659964
0.246842
0.062297
0.659318
0.12941
0.463615
0.0068402
0.0789941
0.446272
0.437488
0.366536
0.259149
0.133215
0.2935
0.521897
0.581425
0.00825502
0.441647
0.243088
0.177471
0.384233
0.426541
0.185551
0.649992
0.502314
0.581484
0.526405
0.605305
0.345867
0.16374
0.417798
0.0978408
0.491599
0.400417
0.570355
0.592898
0.428246
0.420464
0.0499013
0.643275
0.309064
0.428777
0.465734
0.00936327
0.340999
0.625621
0.254695
0.223027
0.335732
0.404551
0.539357
0.00966182
0.641213
0.691812
0.348602
0.196756
0.430485
0.297208
0.0470877
0.538553
0.298855
0.0452819
0.0020489
0.113057
0.0838705
0.365047
0.500531
0.073575
0.100381
0.639881
0.309505
0.648068
0.22066
0.58001
0.701255
0.217921
0.169254
0.70067
0.136928
0.208646
0.293469
0.459101
0.108705
0.266197
0.297558
0.300223
0.576153
0.0667484
0.0696042
0.700233
0.523668
0.00619696
0.107864
0.450309
0.662467
0.251931
0.526113
0.530797
0.680235
0.325287
0.498447
0.169851
0.201996
0.139028
0.411086
0.374264
0.449301
0.309532
0.389976
0.596035
0.335009
0.225571
0.456483
0.150494
0.326874
0.699443
0.138946
0.582607
0.496195
0.333018
0.407409
0.018805
0.640293
0.612238
0.0818521
0.676035
0.506278
0.22205
0.445188
0.616226
0.278597
0.618502
0.548491
0.0261637
0.129268
0.125622
0.168137
0.320711
0.57397
0.626844
0.0772963
0.578677
0.432042
0.281337
0.330091
0.256622
0.3289
0.539028
0.678902
0.318748
0.196276
0.49088
0.0478621
0.297023
0.426979
0.622441
0.0530699
0.470996
0.697403
0.302354
0.257099
0.367867
0.686377
0.126729
0.124236
0.102968
0.163446
0.643634
0.0656699
0.144451
0.163596
0.569066
0.391558
0.119679
0.297121
0.610005
0.483914
0.142099
0.074063
0.0707353
0.594526
0.0238964
0.374983
0.566126
0.574706
0.277566
0.439348
0.551834
0.0401631
0.600118
0.362106
0.0122163
0.0122999
0.44125
0.025994
0.209962
0.265671
0.684749
0.442423
0.0823673
0.696498
0.217144
0.361612
0.654299
0.668768
0.526722
0.702808
0.252023
0.504999
0.539533
0.32521
0.0177823
0.0717052
0.349735
0.0346041
0.00469614
0.0761787
0.693069
0.345047
0.380578
0.271783
0.31003
0.0317668
0.518668
0.313162
0.0260606
0.303891
0.361168
0.539789
0.513169
0.173076
0.0434538
0.0125438
0.359585
0.0241707
0.272705
0.0527137
0.460985
0.477337
0.633942
0.333861
0.485435
0.540095
0.0581052
0.226448
0.219409
0.454764
0.436575
0.467263
0.577174
0.561431
0.216583
0.650883
0.172772
0.00964627
0.354668
0.126766
0.589543
0.47707
0.197488
0.0138392
0.651075
0.103701
0.670592
0.247679
0.181488
0.0749027
0.4487
0.595408
0.586706
0.698393
0.103241
0.236131
0.420245
0.501279
0.446167
0.22849
0.529259
0.650384
0.607482
0.349455
0.185959
0.429234
0.66148
0.306626
0.179304
0.098155
0.661879
0.400788
0.400787
0.142414
0.371798
0.345449
0.585773
0.421553
0.651618
0.625671
0.211199
0.609577
0.390515
0.0794515
0.11905
0.402915
0.45519
0.643912
0.570362
0.0670156
0.60467
0.340081
0.142684
0.0556948
0.366623
0.289319
0.54845
0.115087
0.034227
0.503072
0.430038
0.11335
0.612291
0.0498416
0.0158435
0.296968
0.36913
0.10362
0.276987
0.553788
0.281916
0.448246
0.24153
0.0880823
0.374857
0.220458
0.646366
0.629787
0.578454
0.0682672
0.294465
0.376513
0.377033
0.38028
0.42586
0.258584
0.0766809
0.430717
0.0709379
0.138449
0.49942
0.641757
0.162026
0.0609067
0.697309
0.0038873
0.665607
0.654722
0.146343
0.507179
0.137669
0.582932
0.275932
0.0636425
0.169795
0.632393
0.466728
0.0691042
0.255758
0.46211
0.136239
0.587106
0.0317858
0.329876
0.427239
0.622325
0.187902
0.538996
0.0525604
0.658722
0.104275
0.465517
0.448731
0.220915
0.206519
0.678904
0.69496
0.380199
0.700734
0.690252
0.638485
0.310176
0.322809
0.138841
0.247899
0.225898
0.110171
0.518494
0.369067
0.620607
0.518306
0.11634
0.476562
0.679303
0.64035
0.574489
0.274655
0.203335
0.242296
0.43606
0.502442
0.235692
0.402041
0.252389
0.624633
0.418777
0.45256
0.202781
0.0242946
0.525034
0.523637
0.650263
0.496341
0.00202867
0.55379
0.471714
0.478412
0.422611
0.00809061
0.0292343
0.0130551
0.267859
0.167759
0.112795
0.657046
0.671189
0.158747
0.0695811
0.03414
0.299464
0.109388
0.677359
0.393225
0.19986
0.468009
0.0492024
0.255567
0.516283
0.580623
0.39367
0.195288
0.213405
0.431496
0.15882
0.00355158
0.212507
0.238534
0.608525
0.224176
0.304274
0.664241
0.401377
0.353139
0.0420359
0.620665
0.00967347
0.432098
0.574686
0.0233549
0.440649
0.480095
0.325847
0.640311
0.258782
0.0355835
0.355063
0.280364
0.548588
0.398421
0.250011
0.363694
0.466467
0.0483135
0.433083
0.345755
0.381711
0.00444878
0.246108
0.698365
0.0337183
0.376543
0.162896
0.636298
0.459629
0.652695
0.549786
0.175523
0.0451359
0.143343
0.0170365
0.347116
0.267323
0.37636
0.0496848
0.0585081
0.411981
0.705935
0.219366
0.496822
0.0766998
0.436939
0.626683
0.667104
0.664448
0.0163012
0.69266
0.155064
0.192808
0.376085
0.136504
0.129825
0.138093
0.698419
0.122581
0.533758
0.389288
0.617965
0.554956
0.313964
0.0557909
0.0854397
0.348646
0.638226
0.435974
0.668142
0.349907
0.130504
0.613256
0.690232
0.409566
0.206357
0.0512364
0.421583
0.646217
0.351949
0.625086
0.409346
0.601771
0.705664
0.671487
0.130312
0.117945
0.0644147
0.0924906
0.293808
0.581712
0.285215
0.243845
0.0683888
0.4283
0.624498
0.655184
0.512675
0.640559
0.458667
0.133191
0.647361
0.508937
0.302851
0.611718
0.151651
0.381666
0.297529
0.386212
0.0560482
0.296579
0.348798
0.0699956
0.466151
0.392592
0.213518
0.364473
0.543397
0.411921
0.653236
0.659797
0.187668
0.532185
0.194948
0.59545
0.445941
0.427002
0.0533624
0.117451
0.310426
0.186786
0.413789
0.473366
0.662097
0.119747
0.298812
0.590183
0.0937109
0.116907
0.307811
0.217002
0.0445334
0.0142658
0.0933681
0.392546
0.141892
0.203783
0.614807
0.671177
0.333188
0.395667
0.0226857
0.188384
0.288576
0.486892
0.463331
0.503031
0.602719
0.266775
0.0514911
0.045781
0.690892
0.320036
0.203322
0.146179
0.245283
0.524657
0.697755
0.425287
0.540553
0.655779
0.0768733
0.251891
0.179703
0.335751
0.500233
0.0247809
0.558022
0.670346
0.0424912
0.158251
0.176617
0.24648
0.575418
0.467006
0.116254
0.15305
0.420042
0.249812
0.327108
0.426754
0.646941
0.295402
0.212598
0.539315
0.542908
0.11096
0.169929
0.0323324
0.249467
0.648901
0.526059
0.323832
0.679835
0.348892
0.0245776
0.388316
0.42588
0.0050527
0.0964608
0.568328
0.630658
0.0794432
0.194744
0.585787
0.498883
0.297245
0.224052
0.670901
0.378493
0.223434
0.449897
0.210982
0.42305
0.545389
0.371325
0.0174589
0.255974
0.101076
0.125769
0.309573
0.564086
0.649848
0.520727
0.319273
0.283044
0.183595
0.229898
0.501309
0.260889
0.284809
0.0553942
0.287412
0.37735
0.269737
0.556111
0.00729011
0.542148
0.522205
0.117221
0.106686
0.252074
0.3094
0.46221
0.254351
0.213463
0.271899
0.566396
0.589966
0.196264
0.106917
0.503981
0.443685
0.12667
0.197517
0.0544136
0.559327
0.50649
0.408756
0.549942
0.244621
0.396672
0.186605
0.247351
0.68855
0.116381
0.460862
0.416111
0.585096
0.548624
0.422891
0.643835
0.317188
0.409288
0.397751
0.00550668
0.249572
0.465313
0.0467766
0.534842
0.647204
0.290003
0.67741
0.446086
0.402048
0.0941874
0.705484
0.138173
0.609086
0.64374
0.328127
0.131426
0.31979
0.519503
0.666451
0.334591
0.157216
0.437523
0.655725
0.320366
0.279318
0.588602
0.0547075
0.499017
0.539782
0.458095
0.327278
0.576205
0.0103084
0.525088
0.0908565
0.364923
0.546806
0.321664
0.45224
0.196377
0.580673
0.622254
0.195764
0.156421
0.187552
0.427224
0.353106
0.639648
0.505428
0.54892
0.516351
0.428595
0.0539899
0.602107
0.616002
0.382664
0.684525
0.414149
0.531942
0.39325
0.251838
0.325939
0.106244
0.569647
0.212019
0.581645
0.356838
0.574579
0.694444
0.00892842
0.435725
0.298948
0.331052
0.181278
0.579083
0.322348
0.678713
0.300211
0.57019
0.283799
0.0815258
0.629945
0.544134
0.645095
0.12286
0.0158509
0.536544
0.245517
0.232706
0.345027
0.534808
0.61525
0.453566
0.472261
0.128687
0.332508
0.106848
0.0116146
0.40557
0.514007
0.227879
0.402974
0.650863
0.287224
0.165387
0.540557
0.434366
0.515681
0.585653
0.104676
0.536238
0.0479011
0.445991
0.184254
0.0664315
0.311242
0.210945
0.343845
0.178341
0.342852
0.532286
0.370211
0.172243
0.435535
0.000224311
0.358823
0.106111
0.521851
0.212135
0.321493
0.0939467
0.682598
0.374749
0.531975
0.375911
0.425657
0.132271
0.441449
0.385974
0.517194
0.142986
0.309905
0.503359
0.593404
0.206386
0.584493
0.320446
0.671354
0.335314
0.455827
0.26964
0.0607182
0.14788
0.693152
0.657005
0.389406
0.263898
0.00450842
0.439044
0.107357
0.0976572
0.37422
0.475795
0.678446
0.128184
0.384503
0.437366
0.626701
0.231576
0.519634
0.532759
0.603049
0.381392
0.478669
0.268925
0.123408
0.466077
0.39157
0.662923
0.245
0.557845
0.127802
0.291364
0.517839
0.68073
0.537249
0.615928
0.328665
0.329041
0.465025
0.645834
0.116258
0.174034
0.38776
0.404612
0.365304
0.636279
0.0180357
0.171748
0.248123
0.582059
0.154222
0.678923
0.391251
0.62882
0.528112
0.0287071
0.639158
0.314204
0.259618
0.107297
0.266729
0.115819
0.595056
0.167861
0.0503557
0.659252
0.192243
0.585577
0.591317
0.554257
0.16792
0.285152
0.439357
0.585477
0.652516
0.303054
0.199144
0.0325873
0.244902
0.678087
0.25322
0.238797
0.140793
0.531595
0.269012
0.22147
0.0765924
0.53126
0.101422
0.588659
0.679812
0.584848
0.369828
0.221139
0.597703
0.522513
0.112514
0.253537
0.441294
0.499243
0.465303
0.273152
0.126523
0.131557
0.377994
0.293555
0.36509
0.306094
0.653609
0.129555
0.0126071
0.422941
0.281048
0.0913156
0.0198431
0.0760046
0.65536
0.194338
0.563114
0.363563
0.430233
0.234573
0.16727
0.619573
0.617221
0.445212
0.541518
0.568914
0.697023
0.661499
0.403461
0.404386
0.0489656
0.602924
0.429988
0.227489
0.28619
0.020568
0.0641268
0.270756
0.192703
0.447171
0.607555
0.0737102
0.700662
0.545487
0.474222
0.406363
0.322652
0.175725
0.531182
0.12583
0.0508251
0.0942538
0.671616
0.265303
0.0862832
0.365049
0.369617
0.57851
0.561136
0.588086
0.0285545
0.0335412
0.0331735
0.384258
0.44027
0.65901
0.676058
0.546688
0.387298
0.0830237
0.254064
0.217584
0.309297
0.0735381
0.047805
0.0981954
0.141461
0.41215
0.63299
0.649046
0.318587
0.130878
0.375066
0.459474
0.313279
0.53302
0.228496
0.546536
0.244247
0.312322
0.262156
0.622474
0.484205
0.540636
0.467847
0.357346
0.415393
0.293904
0.519746
0.329475
0.58653
0.399762
0.443842
0.227771
0.136756
0.0727411
0.56161
0.0258301
0.483224
0.536653
0.260897
0.124814
0.317521
0.33745
0.440171
0.260566
0.0968998
0.473332
0.678198
0.163633
0.217293
0.257184
0.533633
0.161897
0.178496
0.461661
0.207336
0.538462
0.288259
0.0632723
0.690412
0.110607
0.656152
0.0952822
0.481221
0.0224283
0.677642
0.394689
0.240002
0.236719
0.0574921
0.431661
0.244047
0.128198
0.39046
0.0967264
0.230776
0.642529
0.0272852
0.150725
0.365605
0.706687
0.217836
0.396745
0.0861298
0.565483
0.128706
0.53715
0.611606
0.432563
0.43108
0.194661
0.627185
0.20725
0.0983739
0.385239
0.501554
0.21509
0.274993
0.295938
0.0129462
0.519553
0.534476
0.492879
0.366992
0.0861607
0.521638
0.625923
0.539062
0.54674
0.32193
0.149452
0.507153
0.291406
0.196625
0.31916
0.0964595
0.144497
0.0516762
0.226658
0.207262
0.210796
0.370868
0.352541
0.582935
0.358451
0.594052
0.060388
0.193623
0.178291
0.261196
0.0659634
0.395768
0.478125
0.0984046
0.466624
0.705471
0.0599747
0.160682
0.190576
0.302748
0.214977
0.336589
0.162261
0.100447
0.341154
0.413801
0.0146944
0.0832906
0.386876
0.176233
0.677678
0.282861
0.111456
0.542364
0.617253
0.198003
0.307862
0.129905
0.505776
0.33263
0.0981187
0.275745
0.169405
0.146352
0.0670017
0.0397012
0.121005
0.480328
0.438658
0.195136
0.274711
0.0813857
0.167422
0.405645
0.539437
0.147023
