400
4
0.611419
0.543819
0.18759
0.088967
0.478907
0.679513
0.0188135
0.0794679
0.192192
0.376825
0.20549
0.574983
0.231568
0.29124
0.277118
0.229591
0.169055
0.178502
0.0160167
0.0449558
0.613749
0.511327
0.364288
0.427199
0.519814
0.310922
0.498164
0.00131671
0.616504
0.507253
0.196614
0.119009
0.156974
0.256752
0.681935
0.0885642
0.364965
0.400384
0.6742
0.207731
0.231065
0.662945
0.270223
0.657702
0.20336
0.520846
0.577677
0.568173
0.341623
0.234575
0.702237
0.113426
0.471099
0.378456
0.0308778
0.59762
0.113197
0.121653
0.1818
0.259387
0.206718
0.0507433
0.61271
0.618549
0.675709
0.0587608
0.294835
0.521705
0.361273
0.580395
0.116027
0.397843
0.701904
0.112041
0.0907951
0.538043
0.401559
0.14188
0.206976
0.61638
0.212226
0.475138
0.461432
0.688551
0.530156
0.475634
0.522842
0.119426
0.391709
0.485525
0.630483
0.668512
0.663873
0.193635
0.13247
0.0167661
0.5222
0.54401
0.276207
0.0281761
0.039442
0.546216
0.460951
0.32982
0.582479
0.202382
0.609855
0.431668
0.441458
0.154952
0.406746
0.0490668
0.539335
0.0356773
0.306578
0.0723766
0.299796
0.0651403
0.640179
0.163635
0.291178
0.528879
0.536259
0.464557
0.299964
0.30653
0.13498
0.281407
0.351299
0.0474764
0.0813678
0.645635
0.0534935
0.197209
0.498571
0.564838
0.120667
0.260267
0.527628
0.00689888
0.478667
0.349793
0.377247
0.509391
0.251241
0.575209
0.683288
0.110143
0.331995
0.501468
0.447567
0.508336
0.227984
0.503696
0.448548
0.0791686
0.0605249
0.355035
0.195481
0.0405252
0.106596
0.241331
0.427585
0.561157
0.286692
0.587457
0.320468
0.534372
0.382952
0.0929503
0.0120857
0.469119
0.0100089
0.696734
0.386871
0.687831
0.677723
0.128515
0.553286
0.319966
0.206255
0.6635
0.472249
0.430806
0.293281
0.182907
0.0116416
0.295319
0.664248
0.396518
0.0933679
0.0160607
0.43649
0.266332
0.487699
0.178024
0.446356
0.410967
0.516332
0.447676
0.323393
0.339182
0.219845
0.496503
0.0362797
0.0540383
0.235618
0.186086
0.338787
0.44039
0.540351
0.646382
0.222779
0.6515
0.439601
0.302663
0.387626
0.518797
0.147611
0.563272
0.190617
0.364256
0.241188
0.233173
0.0976813
0.136448
0.436456
0.122834
0.501634
0.669132
0.0122077
0.579404
0.0831046
0.0420363
0.00344896
0.639042
0.555035
0.307265
0.62965
0.00173485
0.409418
0.100314
0.524392
0.166209
0.243014
0.392512
0.271275
0.065372
0.464018
0.0866319
0.586119
0.378249
0.25453
0.458684
0.428173
0.256278
0.30131
0.310897
0.320887
0.455957
0.347622
0.352703
0.571761
0.139074
0.148827
0.228188
0.226894
0.521918
0.174696
0.282627
0.287278
0.451385
0.134812
0.61404
0.16218
0.0927991
0.502502
0.443769
0.241523
0.328219
0.625507
0.385243
0.0550686
0.561713
0.112204
0.686783
0.498749
0.528662
0.690175
0.645882
0.388835
0.0426543
0.308432
0.576281
0.221496
0.149746
0.114161
0.625236
0.168641
0.703568
0.0502606
0.0450423
0.00826694
0.407569
0.084988
0.378743
0.0776942
0.0841486
0.313544
0.544719
0.227945
0.531747
0.567903
0.356453
0.499681
0.393071
0.698147
0.661647
0.55341
0.628529
0.508065
0.0298919
0.48447
0.277216
0.30697
0.598055
0.509226
0.566652
0.260433
0.186448
0.0996349
0.257709
0.101516
0.240458
0.14864
0.702672
0.070119
0.496051
0.137597
0.164193
0.537285
0.321388
0.692701
0.350745
0.141158
0.512346
0.630605
0.50126
0.485499
0.136873
0.42475
0.700923
0.416889
0.563972
0.438492
0.126524
0.222183
0.203501
0.337784
0.0344241
0.48213
0.158435
0.097829
0.600971
0.49204
0.0613443
0.108336
0.699798
0.0958559
0.259903
0.219017
0.593668
0.0295742
0.127253
0.2911
0.0181348
0.634995
0.601485
0.154335
0.336403
0.322248
0.178505
0.11464
0.208063
0.32284
0.0559666
0.254288
0.521575
0.148876
0.262157
0.0757372
0.2721
0.682467
0.147618
0.526694
0.353847
0.262143
0.304439
0.0716172
0.295427
