200
2
0.360123
0.181529
0.673135
0.242407
0.400868
0.253177
0.497804
0.0675625
0.227597
0.570225
0.0013199
0.0690976
0.613295
0.485324
0.687817
0.630845
0.175915
0.396425
0.1279
0.454776
0.631943
0.205077
0.488013
0.666799
0.0965777
0.176868
0.315443
0.137225
0.439544
0.681606
0.312198
0.651911
0.33261
0.68757
0.0701607
0.277655
0.205124
0.323412
0.442383
0.282528
0.398061
0.455099
0.243451
0.212057
0.178413
0.173005
0.311938
0.268516
0.616102
0.407738
0.424892
0.530788
0.100913
0.342464
0.0282888
0.479936
0.675832
0.0915052
0.649141
0.265019
0.136009
0.165049
0.390684
0.669034
0.316018
0.447563
0.149091
0.383136
0.527782
0.206933
0.0966455
0.303346
0.44982
0.326353
0.373135
0.195933
0.358862
0.577484
0.415111
0.6247
0.511285
0.539664
0.159278
0.065464
0.0119072
0.627159
0.0255737
0.287448
0.139821
0.142176
0.484033
0.148938
0.638913
0.243856
0.447555
0.522056
0.484521
0.00151594
0.52496
0.093831
0.574812
0.319743
0.434032
0.272497
0.17148
0.156861
0.567062
0.660092
0.569633
0.167092
0.463056
0.220683
0.227217
0.310673
0.376701
0.563373
0.701922
0.539127
0.288162
0.631398
0.373049
0.332334
0.376429
0.693
0.0603602
0.608931
0.0616083
0.610349
0.705093
0.66039
0.0502452
0.597923
0.485112
0.440449
0.639442
0.0621863
0.666697
0.65887
0.528027
0.476772
0.255209
0.0522959
0.433911
0.523003
0.351655
0.0699155
0.215445
0.278354
0.686462
0.216567
0.0641617
0.0851601
0.604137
0.0211599
0.339952
0.626511
0.455441
0.0763871
0.602124
0.639249
0.684637
0.434076
0.264401
0.605488
0.531961
0.0671012
0.600098
0.701332
0.487775
0.318328
0.544474
0.204021
0.553027
0.195488
0.194668
0.347209
0.332157
0.61307
0.637382
0.547502
0.0666447
0.595119
0.245764
0.476338
0.589218
0.130781
0.200171
0.108111
0.216284
0.0324033
0.418446
0.3457
0.356037
0.166291
0.531938
0.628806
0.556937
0.340398
0.622977
0.614788
