100
1
0.412411
0.0824464
0.0497022
0.487786
0.345249
0.553625
0.0278614
0.146778
0.171697
0.441701
0.499181
0.427614
0.097484
0.365032
0.0505705
0.664371
0.377898
0.0115359
0.490543
0.461314
0.307935
0.658477
0.18511
0.457395
0.524436
0.623799
0.490876
0.37581
0.310605
0.598209
0.327172
0.532563
0.0363306
0.223209
0.602928
0.704918
0.440362
0.0328215
0.147128
0.252693
0.208282
0.598568
0.398337
0.664832
0.549258
0.545207
0.212843
0.439255
0.0735082
0.139499
0.190771
0.290963
0.0353123
0.21176
0.332027
0.315627
0.13199
0.658
0.524355
0.462192
0.404707
0.587143
0.443365
0.114713
0.272757
0.414318
0.504758
0.343494
0.00398974
0.63684
0.246993
0.340885
0.0301899
0.0304769
0.325948
0.363139
0.00346113
0.393348
0.227165
0.512539
0.435791
0.382858
0.210622
0.398354
0.61393
0.507949
0.53894
0.012425
0.486093
0.429328
0.288915
0.565169
0.245956
0.441055
0.67034
0.63077
0.672704
0.257377
0.40844
0.611466
