300
3
0.19486
0.687025
0.247605
0.0145597
0.238936
0.613386
0.488145
0.207967
0.555924
0.239557
0.057344
0.0704682
0.557717
0.475774
0.342368
0.299273
0.389689
0.0257471
0.32799
0.349374
0.387132
0.61516
0.546037
0.605654
0.0827945
0.145498
0.145422
0.234861
0.682164
0.263935
0.0247377
0.573253
0.697308
0.208155
0.639914
0.421952
0.670781
0.0442091
0.515455
0.536979
0.0994295
0.138221
0.67667
0.541864
0.667609
0.172914
0.349274
0.698672
0.467664
0.192401
0.331704
0.11225
0.321791
0.583337
0.59784
0.274614
0.0922552
0.307529
0.177477
0.603507
0.171253
0.467582
0.566424
0.450621
0.36939
0.299312
0.645679
0.448641
0.0191433
0.211586
0.468839
0.383665
0.250267
0.204241
0.497343
0.215846
0.328687
0.395123
0.241436
0.635767
0.520373
0.138523
0.671633
0.0176347
0.686273
0.593876
0.534165
0.24414
0.652485
0.428884
0.120867
0.110703
0.196979
0.151214
0.40127
0.476609
0.307113
0.390912
0.399451
0.204742
0.441685
0.369984
0.488033
0.460864
0.333666
0.390243
0.147151
0.0592491
0.0749188
0.227433
0.60766
0.237064
0.179899
0.482803
0.378384
0.40036
0.331791
0.390837
0.524524
0.129263
0.477646
0.249741
0.643926
0.414701
0.553742
0.0791511
0.457637
0.402792
0.688574
0.306496
0.192456
0.0197522
0.676433
0.478255
0.0316852
0.265677
0.657414
0.129672
0.375055
0.261746
0.212341
0.0555505
0.510701
0.141412
0.481747
0.181416
0.212013
0.559751
0.426904
0.159243
0.200954
0.475066
0.06303
0.0986303
0.688854
0.0578352
0.632065
0.350795
0.692591
0.114854
0.600893
0.544278
0.421292
0.391376
0.625944
0.511496
0.508849
0.487826
0.654311
0.4997
0.499283
0.228365
0.542113
0.566579
0.386683
0.572193
0.499337
0.465942
0.284451
0.446006
0.101657
0.393775
0.435165
0.176938
0.626475
0.518014
0.417735
0.247332
0.431931
0.0251334
0.149592
0.0548591
0.430647
0.389503
0.645144
0.00720215
0.0473172
0.342827
0.406033
0.208666
0.692858
0.171503
0.256146
0.702081
0.324749
0.264215
0.552216
0.32526
0.436969
0.306559
0.590957
0.00030521
0.0408199
0.426625
0.0514962
0.271926
0.608441
0.252394
0.457243
0.1521
0.292498
0.676555
0.199508
0.403688
0.37491
0.367414
0.28449
0.429438
0.258684
0.613972
0.228549
0.675542
0.652824
0.698877
0.183892
0.662789
0.1802
0.430295
0.25038
0.205039
0.304367
0.579213
0.635267
0.0417772
0.525854
0.131607
0.633152
0.40258
0.602597
0.356201
0.0823484
0.420005
0.031038
0.0354685
0.0165479
0.311636
0.551901
0.169995
0.451122
0.363607
0.654596
0.583366
0.388782
0.250683
0.32474
0.222517
0.390594
0.130106
0.393636
0.541354
0.265432
0.271764
0.592526
0.410022
0.078481
0.615801
0.386362
0.511968
0.260714
0.0499662
0.415215
0.643168
0.210786
0.0418263
0.630655
0.151755
0.17777
0.0645131
0.266216
0.0840551
0.359531
0.366165
0.103765
0.207409
0.414615
0.164535
0.704443
0.265735
0.611157
0.427742
