1000
1
0.221001
0.520521
0.25066
0.582412
0.117775
0.368128
0.468746
0.504325
0.497326
0.450201
0.631589
0.278033
0.222293
0.253232
0.0431133
0.658021
0.222708
0.702654
0.0637529
0.160871
0.340596
0.674258
0.0573089
0.317064
0.0891297
0.198363
0.103065
0.328709
0.163158
0.233713
0.0901939
0.393359
0.1297
0.317501
0.618004
0.336991
0.384173
0.529399
0.398773
0.0563447
0.0583196
0.514206
0.0749975
0.34175
0.223448
0.146799
0.392957
0.590921
0.394648
0.270017
0.37687
0.568401
0.59231
0.630709
0.551088
0.311129
0.595364
0.659414
0.0837824
0.464304
0.353211
0.312393
0.194412
0.264475
0.356063
0.293969
0.391377
0.332682
0.649538
0.00913645
0.171168
0.265918
0.116233
0.042968
0.453452
0.249602
0.248315
0.481841
0.618974
0.194643
0.079537
0.314582
0.695962
0.285869
0.307152
0.327654
0.703675
0.180915
0.15176
0.230246
0.409508
0.470656
0.632565
0.686366
0.0594621
0.0105873
0.320561
0.154947
0.63806
0.586723
0.607077
0.424823
0.567428
0.684071
0.487305
0.241776
0.157038
0.282943
0.0234406
0.561295
0.318858
0.603198
0.476182
0.198895
0.674293
0.420628
0.698871
0.575798
0.570029
0.498079
0.302505
0.124209
0.483884
0.431695
0.689309
0.079033
0.0724852
0.16266
0.308127
0.0803127
0.267726
0.321314
0.0427469
0.278634
0.0411486
0.193963
0.499625
0.417863
0.196208
0.273173
0.52127
0.12895
0.670367
0.461399
0.397368
0.0161476
0.702066
0.485456
0.68261
0.595141
0.674936
0.52293
0.536958
0.580891
0.217034
0.391403
0.341052
0.429049
0.358678
0.123547
0.13119
0.210679
0.0187991
0.118435
0.296464
0.640976
0.421942
0.663546
0.0196078
0.281339
0.364973
0.0902564
0.479651
0.410395
0.683156
0.626244
0.0556228
0.0451024
0.38318
0.511829
0.689382
0.139615
0.226525
0.399698
0.650634
0.0467393
0.684432
0.242479
0.689543
0.223662
0.431709
0.280016
0.261346
0.1068
0.16185
0.0846378
0.138803
0.015449
0.39513
0.145395
0.592775
0.45395
0.11254
0.403595
0.184773
0.638409
0.677704
0.135555
0.540844
0.0486886
0.242541
0.181876
0.0680667
0.168654
0.575234
0.676464
0.611566
0.341705
0.465497
0.237761
0.0875311
0.0355906
0.288846
0.506522
0.179532
0.682744
0.685363
0.591464
0.596899
0.435796
0.67414
0.245262
0.591465
0.398223
0.381996
0.115395
0.34747
0.230297
0.238621
0.246833
0.581201
0.576372
0.529887
0.68114
0.663441
0.00733183
0.225166
0.389468
0.0775766
0.6649
0.487245
0.240787
0.228347
0.38022
0.553744
0.00104568
0.619552
0.0345802
0.452629
0.168869
0.598667
0.403024
0.543336
0.181948
0.170638
0.510202
0.341228
0.526864
0.196604
0.58593
0.166789
0.134106
0.599306
0.244012
0.542198
0.127449
0.302063
0.602087
0.14492
0.547636
0.451026
0.422139
0.528929
0.341352
0.236289
0.173797
0.270349
0.452195
0.168607
0.668697
0.593338
0.46361
0.598387
0.385958
0.661079
0.437485
0.302486
0.557859
0.46143
0.388524
0.209482
0.153856
0.370264
0.142356
0.0676264
0.351398
0.390581
0.321755
0.678425
0.354919
0.417952
0.523678
0.251252
0.468069
0.0859218
0.0416675
0.613293
0.288856
0.141381
0.214892
0.461378
0.647489
0.22465
0.0135293
0.47246
0.139946
0.350327
0.603767
0.591384
0.0586544
0.594083
0.156884
0.0183862
0.0509897
0.578748
0.0968721
0.0711482
0.15798
0.608103
0.549799
0.371118
0.658896
0.587463
0.607142
0.053014
0.326618
0.676459
0.234481
0.0643553
0.393502
0.676534
0.0321761
0.231712
0.68687
0.685331
0.35308
0.237758
0.0449303
0.397205
0.576048
0.432067
0.334159
0.272872
0.0921257
0.0672888
0.428703
0.0245672
0.601352
0.310873
0.407041
0.31514
0.276212
0.297996
0.109226
0.32513
0.433798
0.254775
0.474404
0.243029
0.222558
0.22588
0.471099
0.204255
0.111741
0.151361
0.462484
0.0345617
0.610801
0.32729
0.379264
0.157418
0.163526
0.372444
0.505863
0.619332
0.204462
0.23227
0.575699
0.431706
0.15894
0.119009
0.417226
0.0553252
0.477784
0.439824
0.364843
0.371279
0.444545
0.29065
0.0382492
0.522987
0.541133
0.613343
0.197302
0.685919
0.120115
0.574161
0.450387
0.451735
0.574763
0.437477
0.269781
0.00160383
0.653766
0.527116
0.176411
0.256775
0.587448
0.285606
0.123593
0.064694
0.0443151
0.326824
0.649419
0.484534
0.0563253
0.204586
0.477905
0.211416
0.426402
0.479584
0.0812175
0.229594
0.0433674
0.58269
0.431842
0.153571
0.702667
0.204211
0.14093
0.36152
0.608296
0.457916
0.650471
0.30584
0.575983
0.0196162
0.357022
0.422841
0.187997
0.433233
0.409673
0.337532
0.613518
0.588866
0.0964412
0.483617
0.225445
0.35728
0.243227
0.642198
0.594398
0.277519
0.68997
0.119034
0.611453
0.24153
0.445212
0.403432
0.528727
0.683893
0.303268
0.535058
0.319277
0.270505
0.0565335
0.381623
0.480044
0.638705
0.287089
0.246424
0.601457
0.685583
0.650694
0.403875
0.0250413
0.640433
0.542965
0.164315
0.0663838
0.225491
0.0631784
0.0107772
0.228579
0.261654
0.234028
0.268022
0.592811
0.222937
0.108638
0.432764
0.607297
0.356696
0.0696469
0.00853442
0.412092
0.410684
0.454161
0.417307
0.555695
0.204963
0.530513
0.252747
0.22606
0.593216
0.335952
0.604662
0.330209
0.0370064
0.525357
0.687834
0.4379
0.69292
0.317828
0.426079
0.0672382
0.0677628
0.0703628
0.519615
0.386651
0.664925
0.512089
0.40837
0.464072
0.433415
0.0856025
0.632104
0.383731
0.0387588
0.517382
0.19432
0.0332399
0.309219
0.271162
0.402947
0.695649
0.547235
0.507671
0.210135
0.248156
0.0646835
0.102499
0.377254
0.381815
0.316083
0.193398
0.275884
0.620266
0.536428
0.223269
0.0238564
0.14366
0.431324
0.58561
0.700355
0.038006
0.415375
0.326864
0.379238
0.18914
0.329832
0.589563
0.634608
0.375471
0.00294965
0.33801
0.671382
0.667928
0.229686
0.176013
0.572055
0.413538
0.15393
0.6526
0.28064
0.0853344
0.39854
0.684299
0.106902
0.432074
0.418288
0.381498
0.539865
0.577067
0.48351
0.546223
0.102426
0.170241
0.554281
0.504072
0.613327
0.702902
0.446785
0.0408259
0.0593052
0.399264
0.67187
0.135868
0.421394
0.259618
0.596628
0.253121
0.295215
0.407387
0.387885
0.676695
0.538231
0.313426
0.685219
0.0815423
0.23922
0.0238247
0.68867
0.295026
0.0296116
0.67063
0.051132
0.294704
0.576491
0.572575
0.599855
0.213929
0.486382
0.511341
0.427892
0.276371
0.320111
0.265297
0.273866
0.381448
0.552919
0.288066
0.502798
0.3402
0.375902
0.676633
0.200006
0.0780208
0.334715
0.455383
0.468974
0.118902
0.261561
0.436334
0.364978
0.545511
0.602292
0.205173
0.635464
0.0308232
0.572972
0.479329
0.0262505
0.468676
0.524475
0.410863
0.533759
0.502408
0.261125
0.180396
0.377191
0.455897
0.400794
0.423893
0.215577
0.379702
0.363342
0.429106
0.551496
0.002189
0.53781
0.250551
0.27907
0.527337
0.345128
0.123934
0.218569
0.477812
0.671434
0.627561
0.0268277
0.527345
0.290004
0.623174
0.648444
0.239956
0.330126
0.221771
0.0449882
0.600646
0.116088
0.632741
0.299161
0.207512
0.45339
0.44339
0.483125
0.633645
0.311027
0.615299
0.650272
0.211603
0.258817
0.335332
0.218676
0.656945
0.662164
0.259006
0.183323
0.554512
0.39372
0.16088
0.0527832
0.380486
0.685864
0.431571
0.370328
0.233518
0.050076
0.354084
0.100573
0.522554
0.517041
0.462275
0.229562
0.162453
0.0623265
0.2611
0.386859
0.363816
0.21815
0.394449
0.284083
0.425239
0.691369
0.379462
0.00515886
0.648815
0.065223
0.460435
0.293832
0.508987
0.304197
0.276324
0.543987
0.048207
0.309976
0.469268
0.687245
0.421071
0.598917
0.399931
0.567166
0.670167
0.14329
0.0564749
0.354797
0.202107
0.560058
0.439186
0.32019
0.177917
0.504041
0.485747
0.243349
0.399242
0.49643
0.52802
0.262593
0.0020891
0.343561
0.677474
0.282278
0.339955
0.330416
0.0577397
0.417612
0.197854
0.565023
0.271359
0.407848
0.224689
0.32434
0.00129128
0.0879568
0.48807
0.438606
0.320745
0.0711771
0.526221
0.147193
0.310556
0.126661
0.438616
0.30036
0.109599
0.704499
0.275452
0.485225
0.0473531
0.333575
0.542048
0.148812
0.451063
0.447914
0.279129
0.526228
0.251328
0.274482
0.0257346
0.473169
0.205485
0.370598
0.254157
0.532364
0.1203
0.663261
0.388784
0.549996
0.18234
0.209546
0.343064
0.405746
0.335677
0.503591
0.333789
0.0893183
0.522198
0.620834
0.577662
0.695086
0.341177
0.296248
0.27767
0.0610921
0.344547
0.347813
0.122318
0.386216
0.103826
0.561514
0.296188
0.632349
0.565469
0.249867
0.122082
0.473359
0.295175
0.49134
0.493275
0.0185852
0.633535
0.467631
0.566383
0.152061
0.487241
0.486103
0.382913
0.700937
0.438278
0.232355
0.310641
0.703863
0.0579383
0.65619
0.497401
0.506703
0.211199
0.539324
0.0283328
0.0909781
0.267011
0.179383
0.639945
0.0306221
0.619468
0.030103
0.414697
0.450611
0.620112
0.260389
0.37547
0.33291
0.370973
0.668203
0.215774
0.141734
0.116703
0.0303966
0.553733
0.189034
0.368446
0.394687
0.176012
0.654985
0.387311
0.367394
0.237023
0.485972
0.13421
0.65679
0.54329
0.433597
0.00480203
0.463226
0.186437
0.302422
0.340631
0.197233
0.661181
0.0724272
0.554375
0.233718
0.216454
0.00718303
0.269708
0.524555
0.256205
0.637669
0.109763
0.54211
0.404926
0.278295
0.681713
0.384385
0.161675
0.58137
0.672933
0.410051
0.243877
0.619658
0.0205811
0.456842
0.403279
0.359486
0.337692
0.275367
0.172667
0.565554
0.56593
0.148547
0.0349585
0.34556
0.49741
0.312065
0.383446
0.529388
0.103684
0.497952
0.101022
0.190111
0.333002
0.419631
0.252369
0.42416
0.612945
0.543579
0.489859
0.490698
0.538126
0.509495
0.213741
0.504085
0.155831
0.557175
0.219519
0.313851
0.578291
0.598859
0.485212
0.347263
0.154885
0.0217131
0.147892
0.359216
0.630504
0.378466
0.6263
0.184097
0.0323082
