500
5
0.22122
0.203097
0.418161
0.0222126
0.44136
0.141764
0.449564
0.141196
0.645992
0.189267
0.211574
0.503502
0.422514
0.468084
0.467256
0.683525
0.550427
0.438491
0.129719
0.581072
0.0353785
0.503684
0.643
0.237325
0.271535
0.110682
0.247792
0.0622836
0.1626
0.613412
0.399149
0.140172
0.114353
0.0203561
0.538578
0.139059
0.332738
0.104888
0.639336
0.439728
0.59996
0.365957
0.497723
0.141392
0.540911
0.35843
0.282011
0.0328473
0.394863
0.0137004
0.636445
0.510232
0.459496
0.264759
0.0967424
0.670256
0.118485
0.281253
0.669633
0.21492
0.492263
0.0203317
0.09636
0.699615
0.175631
0.638746
0.508548
0.108864
0.387227
0.654449
0.436571
0.152726
0.0130703
0.0630173
0.0604686
0.218704
0.263071
0.115608
0.177081
0.0332683
0.060229
0.397455
0.413172
0.462636
0.490235
0.00295768
0.594651
0.370689
0.0649548
0.634202
0.389566
0.206284
0.639426
0.0507332
0.475652
0.694392
0.449392
0.523762
0.424541
0.438701
0.192263
0.572948
0.658303
0.0891643
0.290288
0.560205
0.431598
0.172876
0.246119
0.549389
0.621128
0.068093
0.673491
0.583605
0.0306428
0.53472
0.629715
0.603877
0.168725
0.487531
0.449511
0.355997
0.588549
0.100131
0.512064
0.230459
0.393752
0.296058
0.424006
0.534765
0.381106
0.208282
0.310462
0.226676
0.574496
0.0772199
0.0869904
0.596176
0.475188
0.667467
0.32053
0.627696
0.383619
0.159173
0.679189
0.55864
0.310104
0.234197
0.535106
0.66685
0.0633464
0.0860063
0.550857
0.224542
0.252007
0.532365
0.307402
0.150156
0.349613
0.308462
0.417282
0.528937
0.12389
0.0934132
0.265852
0.407519
0.319946
0.464806
0.582971
0.0446135
0.133906
0.691651
0.69304
0.162192
0.186935
0.571132
0.165655
0.555576
0.663702
0.164927
0.101978
0.104736
0.312301
0.64105
0.353592
0.0314372
0.233372
0.326169
0.5376
0.65575
0.230403
0.259107
0.370047
0.258795
0.199007
0.587647
0.320346
0.659996
0.00547151
0.460237
0.216738
0.0140792
0.219948
0.672746
0.314689
0.667829
0.64577
0.523795
0.223106
0.000446412
0.15508
0.627589
0.269452
0.421044
0.216627
0.221321
0.284936
0.205664
0.176474
0.419562
0.199146
0.641182
0.43569
0.131744
0.335298
0.457551
0.0551344
0.282028
0.405512
0.11731
0.346938
0.395024
0.439437
0.535161
0.460362
0.318518
0.346558
0.0874557
0.695605
0.689623
0.327912
0.524725
0.267481
0.420462
0.528751
0.406796
0.672557
0.046896
0.448921
0.129804
0.311704
0.153282
0.50251
0.152429
0.298345
0.651264
0.168973
0.697317
0.57003
0.222691
0.436249
0.649787
0.293717
0.134923
0.639354
0.0869535
0.656465
0.604892
0.133514
0.657333
0.156399
0.214931
0.484895
0.118521
0.576104
0.437594
0.668666
0.465032
0.472172
0.218377
0.141274
0.422752
6.34716e-05
0.214905
0.139875
0.126162
0.448959
0.0727906
0.594255
0.144692
0.0349812
0.57677
0.496992
0.410529
0.018767
0.340938
0.442038
0.547032
0.126064
0.611971
0.588516
0.156662
0.125723
0.285648
0.669209
0.156217
0.509071
0.312211
0.109601
0.285759
0.239455
0.42426
0.184761
0.454097
0.599569
0.196629
0.305534
0.621393
0.370276
0.105819
0.21256
0.132217
0.674777
0.190379
0.444879
0.291157
0.43078
0.323616
0.165435
0.567625
0.305613
0.316856
0.638283
0.300283
0.21143
0.432249
0.619425
0.360517
0.450509
0.582514
0.315596
0.133662
0.413517
0.0386159
0.64177
0.696789
0.361239
0.399144
0.096695
0.164762
0.691602
0.151059
0.0016038
0.515352
0.0294226
0.181603
0.651153
0.381687
0.632227
0.15176
0.26627
0.343779
0.680539
0.233006
0.326299
0.52827
0.600202
0.702416
0.431989
0.614526
0.0235061
0.118457
0.643151
0.0554073
0.498975
0.257963
0.116344
0.376589
0.550968
0.0306926
0.0744577
0.103804
0.707059
0.172746
0.131935
0.46035
0.246437
0.468912
0.509999
0.457822
0.132127
0.638838
0.31596
0.25184
0.610209
0.406879
0.494973
0.69333
0.636502
0.36431
0.532693
0.240806
0.510627
0.379244
0.698725
0.574754
0.0234997
0.192793
0.0889719
0.159686
0.130677
0.127171
0.228809
0.184074
0.168334
0.682402
0.463425
0.499127
0.50874
0.286892
0.0195554
0.41301
0.124151
0.0366312
0.033255
0.452521
0.439127
0.00125014
0.52346
0.419841
0.683692
0.409839
0.644228
0.42386
0.559607
0.671261
0.0481997
0.492135
0.164324
0.590489
0.32967
0.274019
0.361825
0.414541
0.637041
0.512616
0.327571
0.02111
0.192951
0.413469
0.662481
0.56063
0.68342
0.0633302
0.498545
0.207577
0.672026
0.179319
0.643352
0.21813
0.458233
0.173444
0.389696
0.075405
0.361448
0.211966
0.627763
0.324688
0.187638
0.0760807
0.186814
0.0188615
0.106937
0.698719
0.154152
0.598666
0.552171
0.379692
0.420509
0.517537
0.2011
0.482294
0.667235
0.152271
0.488534
0.651416
0.700779
0.245886
0.394425
0.64397
0.135503
0.28899
0.663401
0.227681
0.184246
0.00107976
0.104484
0.341592
0.592608
0.031664
